(kicad_pcb (version 3) (host pcbnew "(22-Jun-2014 BZR 4027)-stable")

  (general
    (links 239)
    (no_connects 0)
    (area 6.990999 16.706999 89.458001 81.708)
    (thickness 1.6)
    (drawings 4)
    (tracks 754)
    (zones 0)
    (modules 70)
    (nets 73)
  )

  (page A3)
  (layers
    (15 F.Cu signal)
    (0 B.Cu signal)
    (16 B.Adhes user)
    (17 F.Adhes user)
    (18 B.Paste user)
    (19 F.Paste user)
    (20 B.SilkS user)
    (21 F.SilkS user)
    (22 B.Mask user)
    (23 F.Mask user)
    (24 Dwgs.User user)
    (25 Cmts.User user)
    (26 Eco1.User user)
    (27 Eco2.User user)
    (28 Edge.Cuts user)
  )

  (setup
    (last_trace_width 0.22)
    (user_trace_width 0.2)
    (user_trace_width 0.25)
    (user_trace_width 0.3)
    (user_trace_width 0.35)
    (user_trace_width 0.4)
    (user_trace_width 0.45)
    (user_trace_width 0.5)
    (user_trace_width 0.7)
    (user_trace_width 1)
    (trace_clearance 0.2)
    (zone_clearance 0.16)
    (zone_45_only no)
    (trace_min 0.16)
    (segment_width 0.2)
    (edge_width 0.1)
    (via_size 0.51)
    (via_drill 0.33)
    (via_min_size 0.51)
    (via_min_drill 0.33)
    (uvia_size 0.508)
    (uvia_drill 0.127)
    (uvias_allowed no)
    (uvia_min_size 0.508)
    (uvia_min_drill 0.127)
    (pcb_text_width 0.3)
    (pcb_text_size 1.5 1.5)
    (mod_edge_width 0.15)
    (mod_text_size 1 1)
    (mod_text_width 0.15)
    (pad_size 0.9 0.9)
    (pad_drill 0.6)
    (pad_to_mask_clearance 0)
    (aux_axis_origin 0 0)
    (visible_elements FFFFFFBF)
    (pcbplotparams
      (layerselection 284196865)
      (usegerberextensions true)
      (excludeedgelayer true)
      (linewidth 0.150000)
      (plotframeref false)
      (viasonmask false)
      (mode 1)
      (useauxorigin false)
      (hpglpennumber 1)
      (hpglpenspeed 20)
      (hpglpendiameter 15)
      (hpglpenoverlay 2)
      (psnegative false)
      (psa4output false)
      (plotreference true)
      (plotvalue true)
      (plotothertext true)
      (plotinvisibletext false)
      (padsonsilk false)
      (subtractmaskfromsilk false)
      (outputformat 1)
      (mirror false)
      (drillshape 0)
      (scaleselection 1)
      (outputdirectory gerber/))
  )

  (net 0 "")
  (net 1 /A33VDD)
  (net 2 /AVDD)
  (net 3 /B_0)
  (net 4 /B_1)
  (net 5 /B_2)
  (net 6 /B_3)
  (net 7 /B_4)
  (net 8 /B_5)
  (net 9 /B_6)
  (net 10 /B_7)
  (net 11 /CLK27)
  (net 12 /DVDD)
  (net 13 /FIDOUT)
  (net 14 /G_0)
  (net 15 /G_1)
  (net 16 /G_2)
  (net 17 /G_3)
  (net 18 /G_4)
  (net 19 /G_5)
  (net 20 /G_6)
  (net 21 /G_7)
  (net 22 /HSOUT)
  (net 23 /IOVDD)
  (net 24 /PCLK)
  (net 25 /PLL_VDD)
  (net 26 /RESET)
  (net 27 /RGB1_B)
  (net 28 /RGB1_G)
  (net 29 /RGB1_R)
  (net 30 /RGB1_S)
  (net 31 /RGB2_B)
  (net 32 /RGB2_G)
  (net 33 /RGB2_HS)
  (net 34 /RGB2_HS_B)
  (net 35 /RGB2_R)
  (net 36 /RGB2_VS)
  (net 37 /RGB2_VS_B)
  (net 38 /RGB3_B)
  (net 39 /RGB3_G)
  (net 40 /RGB3_R)
  (net 41 /R_0)
  (net 42 /R_1)
  (net 43 /R_2)
  (net 44 /R_3)
  (net 45 /R_4)
  (net 46 /R_5)
  (net 47 /R_6)
  (net 48 /R_7)
  (net 49 /SCL)
  (net 50 /SDA)
  (net 51 /VSOUT)
  (net 52 GND)
  (net 53 N-0000036)
  (net 54 N-0000044)
  (net 55 N-0000045)
  (net 56 N-0000046)
  (net 57 N-0000047)
  (net 58 N-0000054)
  (net 59 N-0000055)
  (net 60 N-0000057)
  (net 61 N-0000058)
  (net 62 N-0000060)
  (net 63 N-0000061)
  (net 64 N-0000062)
  (net 65 N-0000071)
  (net 66 N-0000072)
  (net 67 N-0000073)
  (net 68 N-0000088)
  (net 69 N-0000089)
  (net 70 N-0000090)
  (net 71 N-0000095)
  (net 72 N-0000096)

  (net_class Default "This is the default net class."
    (clearance 0.2)
    (trace_width 0.22)
    (via_dia 0.51)
    (via_drill 0.33)
    (uvia_dia 0.508)
    (uvia_drill 0.127)
    (add_net "")
    (add_net /HSOUT)
    (add_net /RGB2_HS)
    (add_net /RGB2_HS_B)
    (add_net /RGB2_VS)
    (add_net /RGB2_VS_B)
    (add_net N-0000036)
    (add_net N-0000044)
    (add_net N-0000045)
    (add_net N-0000046)
    (add_net N-0000047)
    (add_net N-0000054)
    (add_net N-0000055)
    (add_net N-0000057)
    (add_net N-0000058)
    (add_net N-0000060)
    (add_net N-0000061)
    (add_net N-0000062)
    (add_net N-0000071)
    (add_net N-0000072)
    (add_net N-0000073)
    (add_net N-0000089)
    (add_net N-0000090)
    (add_net N-0000095)
    (add_net N-0000096)
  )

  (net_class 75ohm_vid ""
    (clearance 0.3)
    (trace_width 0.64)
    (via_dia 0.6)
    (via_drill 0.35)
    (uvia_dia 0.508)
    (uvia_drill 0.127)
    (add_net /RGB1_B)
    (add_net /RGB1_G)
    (add_net /RGB1_R)
    (add_net /RGB1_S)
    (add_net /RGB2_B)
    (add_net /RGB2_G)
    (add_net /RGB2_R)
    (add_net /RGB3_B)
    (add_net /RGB3_G)
    (add_net /RGB3_R)
  )

  (net_class FAT_power ""
    (clearance 0.2)
    (trace_width 1)
    (via_dia 1.5)
    (via_drill 0.33)
    (uvia_dia 0.508)
    (uvia_drill 0.127)
    (add_net N-0000088)
  )

  (net_class Power ""
    (clearance 0.2)
    (trace_width 0.25)
    (via_dia 0.55)
    (via_drill 0.35)
    (uvia_dia 0.508)
    (uvia_drill 0.127)
    (add_net /A33VDD)
    (add_net /AVDD)
    (add_net /DVDD)
    (add_net /IOVDD)
    (add_net /PLL_VDD)
    (add_net GND)
  )

  (net_class digi_hs ""
    (clearance 0.18)
    (trace_width 0.18)
    (via_dia 0.51)
    (via_drill 0.33)
    (uvia_dia 0.508)
    (uvia_drill 0.127)
    (add_net /B_0)
    (add_net /B_1)
    (add_net /B_2)
    (add_net /B_3)
    (add_net /B_4)
    (add_net /B_5)
    (add_net /B_6)
    (add_net /B_7)
    (add_net /CLK27)
    (add_net /FIDOUT)
    (add_net /G_0)
    (add_net /G_1)
    (add_net /G_2)
    (add_net /G_3)
    (add_net /G_4)
    (add_net /G_5)
    (add_net /G_6)
    (add_net /G_7)
    (add_net /PCLK)
    (add_net /RESET)
    (add_net /R_0)
    (add_net /R_1)
    (add_net /R_2)
    (add_net /R_3)
    (add_net /R_4)
    (add_net /R_5)
    (add_net /R_6)
    (add_net /R_7)
    (add_net /SCL)
    (add_net /SDA)
    (add_net /VSOUT)
  )

  (module SCART_CONN (layer F.Cu) (tedit 54120F1E) (tstamp 540F363D)
    (at 64.77 76.708)
    (path /53F623BC)
    (fp_text reference P1 (at -24.84 -8.61) (layer F.SilkS)
      (effects (font (size 1 1) (thickness 0.15)))
    )
    (fp_text value SCART-F (at -11.87 -8.61) (layer F.SilkS)
      (effects (font (size 1 1) (thickness 0.15)))
    )
    (pad 2 thru_hole circle (at 0 0) (size 2.2 2.2) (drill 1.3)
      (layers *.Cu *.Mask F.SilkS)
    )
    (pad 3 thru_hole circle (at -1.905 -5.08) (size 2.2 2.2) (drill 1.3)
      (layers *.Cu *.Mask F.SilkS)
    )
    (pad 4 thru_hole circle (at -3.81 0) (size 2.2 2.2) (drill 1.3)
      (layers *.Cu *.Mask F.SilkS)
      (net 52 GND)
    )
    (pad 5 thru_hole circle (at -5.715 -5.08) (size 2.2 2.2) (drill 1.3)
      (layers *.Cu *.Mask F.SilkS)
      (net 52 GND)
    )
    (pad 6 thru_hole circle (at -7.62 0) (size 2.2 2.2) (drill 1.3)
      (layers *.Cu *.Mask F.SilkS)
    )
    (pad 7 thru_hole circle (at -9.525 -5.08) (size 2.2 2.2) (drill 1.3)
      (layers *.Cu *.Mask F.SilkS)
      (net 27 /RGB1_B)
    )
    (pad 8 thru_hole circle (at -11.43 0) (size 2.2 2.2) (drill 1.3)
      (layers *.Cu *.Mask F.SilkS)
    )
    (pad 9 thru_hole circle (at -13.335 -5.08) (size 2.2 2.2) (drill 1.3)
      (layers *.Cu *.Mask F.SilkS)
      (net 52 GND)
    )
    (pad 10 thru_hole circle (at -15.24 0) (size 2.2 2.2) (drill 1.3)
      (layers *.Cu *.Mask F.SilkS)
    )
    (pad 11 thru_hole circle (at -17.145 -5.08) (size 2.2 2.2) (drill 1.3)
      (layers *.Cu *.Mask F.SilkS)
      (net 28 /RGB1_G)
    )
    (pad 12 thru_hole circle (at -19.05 0) (size 2.2 2.2) (drill 1.3)
      (layers *.Cu *.Mask F.SilkS)
    )
    (pad 13 thru_hole circle (at -20.955 -5.08) (size 2.2 2.2) (drill 1.3)
      (layers *.Cu *.Mask F.SilkS)
      (net 52 GND)
    )
    (pad 20 thru_hole circle (at -34.29 0) (size 2.2 2.2) (drill 1.3)
      (layers *.Cu *.Mask F.SilkS)
      (net 30 /RGB1_S)
    )
    (pad 15 thru_hole circle (at -24.765 -5.08) (size 2.2 2.2) (drill 1.3)
      (layers *.Cu *.Mask F.SilkS)
      (net 29 /RGB1_R)
    )
    (pad 14 thru_hole circle (at -22.86 0) (size 2.2 2.2) (drill 1.3)
      (layers *.Cu *.Mask F.SilkS)
      (net 52 GND)
    )
    (pad 17 thru_hole circle (at -28.575 -5.08) (size 2.2 2.2) (drill 1.3)
      (layers *.Cu *.Mask F.SilkS)
      (net 52 GND)
    )
    (pad 16 thru_hole circle (at -26.67 0) (size 2.2 2.2) (drill 1.3)
      (layers *.Cu *.Mask F.SilkS)
    )
    (pad 19 thru_hole circle (at -32.385 -5.08) (size 2.2 2.2) (drill 1.3)
      (layers *.Cu *.Mask F.SilkS)
    )
    (pad 18 thru_hole circle (at -30.48 0) (size 2.2 2.2) (drill 1.3)
      (layers *.Cu *.Mask F.SilkS)
      (net 52 GND)
    )
    (pad 21 thru_hole circle (at -36.195 -5.08) (size 2.2 2.2) (drill 1.3)
      (layers *.Cu *.Mask F.SilkS)
      (net 52 GND)
    )
    (pad 1 thru_hole circle (at 1.905 -5.08) (size 2.2 2.2) (drill 1.3)
      (layers *.Cu *.Mask F.SilkS)
    )
    (pad "" thru_hole circle (at -43.54 2.2) (size 5 5) (drill 5)
      (layers *.Cu *.Mask F.SilkS)
    )
    (pad "" thru_hole circle (at 9.25 2.2) (size 5 5) (drill 5)
      (layers *.Cu *.Mask F.SilkS)
    )
  )

  (module 1pin (layer F.Cu) (tedit 5411F6E9) (tstamp 5412CAC2)
    (at 15.748 76.708)
    (descr "module 1 pin (ou trou mecanique de percage)")
    (tags DEV)
    (path 1pin)
    (fp_text reference 1PIN (at 0 -3.048) (layer F.SilkS)
      (effects (font (size 1.016 1.016) (thickness 0.254)))
    )
    (fp_text value P*** (at 0 2.794) (layer F.SilkS) hide
      (effects (font (size 1.016 1.016) (thickness 0.254)))
    )
    (fp_circle (center 0 0) (end 0 -2.286) (layer F.SilkS) (width 0.381))
    (pad "" thru_hole circle (at 0 0) (size 4 4) (drill 4)
      (layers *.Cu *.Mask F.SilkS)
    )
  )

  (module 1pin (layer F.Cu) (tedit 5411F6E3) (tstamp 5412CABB)
    (at 15.748 21.082)
    (descr "module 1 pin (ou trou mecanique de percage)")
    (tags DEV)
    (path 1pin)
    (fp_text reference 1PIN (at 0 -3.048) (layer F.SilkS)
      (effects (font (size 1.016 1.016) (thickness 0.254)))
    )
    (fp_text value P*** (at 0 2.794) (layer F.SilkS) hide
      (effects (font (size 1.016 1.016) (thickness 0.254)))
    )
    (fp_circle (center 0 0) (end 0 -2.286) (layer F.SilkS) (width 0.381))
    (pad "" thru_hole circle (at 0 0) (size 4 4) (drill 4)
      (layers *.Cu *.Mask F.SilkS)
    )
  )

  (module 1pin (layer F.Cu) (tedit 5411F6DD) (tstamp 5412CA91)
    (at 73.406 21.844)
    (descr "module 1 pin (ou trou mecanique de percage)")
    (tags DEV)
    (path 1pin)
    (fp_text reference 1PIN (at 0 -3.048) (layer F.SilkS)
      (effects (font (size 1.016 1.016) (thickness 0.254)))
    )
    (fp_text value P*** (at 0 2.794) (layer F.SilkS) hide
      (effects (font (size 1.016 1.016) (thickness 0.254)))
    )
    (fp_circle (center 0 0) (end 0 -2.286) (layer F.SilkS) (width 0.381))
    (pad "" thru_hole circle (at 0 0) (size 4 4) (drill 4)
      (layers *.Cu *.Mask F.SilkS)
    )
  )

  (module SM0603_Capa (layer B.Cu) (tedit 5051B1EC) (tstamp 5411C808)
    (at 43.434 38.862 90)
    (path /53FA5138)
    (attr smd)
    (fp_text reference C37 (at 0 0 360) (layer B.SilkS)
      (effects (font (size 0.508 0.4572) (thickness 0.1143)) (justify mirror))
    )
    (fp_text value 1u (at -1.651 0 360) (layer B.SilkS)
      (effects (font (size 0.508 0.4572) (thickness 0.1143)) (justify mirror))
    )
    (fp_line (start 0.50038 -0.65024) (end 1.19888 -0.65024) (layer B.SilkS) (width 0.11938))
    (fp_line (start -0.50038 -0.65024) (end -1.19888 -0.65024) (layer B.SilkS) (width 0.11938))
    (fp_line (start 0.50038 0.65024) (end 1.19888 0.65024) (layer B.SilkS) (width 0.11938))
    (fp_line (start -1.19888 0.65024) (end -0.50038 0.65024) (layer B.SilkS) (width 0.11938))
    (fp_line (start 1.19888 0.635) (end 1.19888 -0.635) (layer B.SilkS) (width 0.11938))
    (fp_line (start -1.19888 -0.635) (end -1.19888 0.635) (layer B.SilkS) (width 0.11938))
    (pad 1 smd rect (at -0.762 0 90) (size 0.635 1.143)
      (layers B.Cu B.Paste B.Mask)
      (net 12 /DVDD)
    )
    (pad 2 smd rect (at 0.762 0 90) (size 0.635 1.143)
      (layers B.Cu B.Paste B.Mask)
      (net 52 GND)
    )
    (model smd\capacitors\C0603.wrl
      (at (xyz 0 0 0.001))
      (scale (xyz 0.5 0.5 0.5))
      (rotate (xyz 0 0 0))
    )
  )

  (module SM0603_Capa (layer B.Cu) (tedit 5051B1EC) (tstamp 5411C7FD)
    (at 37.338 38.608 270)
    (path /53FA51A4)
    (attr smd)
    (fp_text reference C34 (at 0 0 540) (layer B.SilkS)
      (effects (font (size 0.508 0.4572) (thickness 0.1143)) (justify mirror))
    )
    (fp_text value 1u (at -1.651 0 540) (layer B.SilkS)
      (effects (font (size 0.508 0.4572) (thickness 0.1143)) (justify mirror))
    )
    (fp_line (start 0.50038 -0.65024) (end 1.19888 -0.65024) (layer B.SilkS) (width 0.11938))
    (fp_line (start -0.50038 -0.65024) (end -1.19888 -0.65024) (layer B.SilkS) (width 0.11938))
    (fp_line (start 0.50038 0.65024) (end 1.19888 0.65024) (layer B.SilkS) (width 0.11938))
    (fp_line (start -1.19888 0.65024) (end -0.50038 0.65024) (layer B.SilkS) (width 0.11938))
    (fp_line (start 1.19888 0.635) (end 1.19888 -0.635) (layer B.SilkS) (width 0.11938))
    (fp_line (start -1.19888 -0.635) (end -1.19888 0.635) (layer B.SilkS) (width 0.11938))
    (pad 1 smd rect (at -0.762 0 270) (size 0.635 1.143)
      (layers B.Cu B.Paste B.Mask)
      (net 68 N-0000088)
    )
    (pad 2 smd rect (at 0.762 0 270) (size 0.635 1.143)
      (layers B.Cu B.Paste B.Mask)
      (net 52 GND)
    )
    (model smd\capacitors\C0603.wrl
      (at (xyz 0 0 0.001))
      (scale (xyz 0.5 0.5 0.5))
      (rotate (xyz 0 0 0))
    )
  )

  (module SOT23-5 (layer B.Cu) (tedit 4ECF78EF) (tstamp 5411C7F1)
    (at 40.386 38.862 90)
    (path /53FA4F27)
    (attr smd)
    (fp_text reference U8 (at 2.19964 0.29972 360) (layer B.SilkS)
      (effects (font (size 0.635 0.635) (thickness 0.127)) (justify mirror))
    )
    (fp_text value TLV71209DBV (at 0 0 90) (layer B.SilkS)
      (effects (font (size 0.635 0.635) (thickness 0.127)) (justify mirror))
    )
    (fp_line (start 1.524 0.889) (end 1.524 -0.889) (layer B.SilkS) (width 0.127))
    (fp_line (start 1.524 -0.889) (end -1.524 -0.889) (layer B.SilkS) (width 0.127))
    (fp_line (start -1.524 -0.889) (end -1.524 0.889) (layer B.SilkS) (width 0.127))
    (fp_line (start -1.524 0.889) (end 1.524 0.889) (layer B.SilkS) (width 0.127))
    (pad 1 smd rect (at -0.9525 -1.27 90) (size 0.508 0.762)
      (layers B.Cu B.Paste B.Mask)
      (net 68 N-0000088)
    )
    (pad 3 smd rect (at 0.9525 -1.27 90) (size 0.508 0.762)
      (layers B.Cu B.Paste B.Mask)
      (net 68 N-0000088)
    )
    (pad 5 smd rect (at -0.9525 1.27 90) (size 0.508 0.762)
      (layers B.Cu B.Paste B.Mask)
      (net 12 /DVDD)
    )
    (pad 2 smd rect (at 0 -1.27 90) (size 0.508 0.762)
      (layers B.Cu B.Paste B.Mask)
      (net 52 GND)
    )
    (pad 4 smd rect (at 0.9525 1.27 90) (size 0.508 0.762)
      (layers B.Cu B.Paste B.Mask)
    )
    (model smd/SOT23_5.wrl
      (at (xyz 0 0 0))
      (scale (xyz 0.1 0.1 0.1))
      (rotate (xyz 0 0 0))
    )
  )

  (module VGA_CONN (layer F.Cu) (tedit 540F4180) (tstamp 540F3CE1)
    (at 18.796 56.646 270)
    (path /53F623CB)
    (fp_text reference J1 (at 13.458 -5.08 270) (layer F.SilkS)
      (effects (font (size 1 1) (thickness 0.15)))
    )
    (fp_text value VGA (at 10.918 -5.08 270) (layer F.SilkS)
      (effects (font (size 1 1) (thickness 0.15)))
    )
    (fp_line (start 14.4 0) (end 14.4 11.43) (layer F.SilkS) (width 0.15))
    (fp_line (start 14.4 11.43) (end -16.4 11.43) (layer F.SilkS) (width 0.15))
    (fp_line (start -16.4 11.43) (end -16.4 0) (layer F.SilkS) (width 0.15))
    (pad 8 thru_hole circle (at 0 0 270) (size 1.6 1.6) (drill 1)
      (layers *.Cu *.Mask F.SilkS)
      (net 52 GND)
    )
    (pad 9 thru_hole circle (at -2.29 0 270) (size 1.6 1.6) (drill 1)
      (layers *.Cu *.Mask F.SilkS)
    )
    (pad 10 thru_hole circle (at -4.58 0 270) (size 1.6 1.6) (drill 1)
      (layers *.Cu *.Mask F.SilkS)
      (net 52 GND)
    )
    (pad 1 thru_hole circle (at 3.44 -2.54 270) (size 1.6 1.6) (drill 1)
      (layers *.Cu *.Mask F.SilkS)
      (net 35 /RGB2_R)
    )
    (pad 2 thru_hole circle (at 1.15 -2.54 270) (size 1.6 1.6) (drill 1)
      (layers *.Cu *.Mask F.SilkS)
      (net 32 /RGB2_G)
    )
    (pad 3 thru_hole circle (at -1.14 -2.54 270) (size 1.6 1.6) (drill 1)
      (layers *.Cu *.Mask F.SilkS)
      (net 31 /RGB2_B)
    )
    (pad 4 thru_hole circle (at -3.43 -2.54 270) (size 1.6 1.6) (drill 1)
      (layers *.Cu *.Mask F.SilkS)
    )
    (pad 5 thru_hole circle (at -5.72 -2.54 270) (size 1.6 1.6) (drill 1)
      (layers *.Cu *.Mask F.SilkS)
      (net 52 GND)
    )
    (pad 6 thru_hole circle (at 4.58 0 270) (size 1.6 1.6) (drill 1)
      (layers *.Cu *.Mask F.SilkS)
      (net 52 GND)
    )
    (pad 7 thru_hole circle (at 2.29 0 270) (size 1.6 1.6) (drill 1)
      (layers *.Cu *.Mask F.SilkS)
      (net 52 GND)
    )
    (pad 11 thru_hole circle (at 3.44 2.54 270) (size 1.6 1.6) (drill 1)
      (layers *.Cu *.Mask F.SilkS)
    )
    (pad 12 thru_hole circle (at 1.15 2.54 270) (size 1.6 1.6) (drill 1)
      (layers *.Cu *.Mask F.SilkS)
    )
    (pad 13 thru_hole circle (at -1.14 2.54 270) (size 1.6 1.6) (drill 1)
      (layers *.Cu *.Mask F.SilkS)
      (net 33 /RGB2_HS)
    )
    (pad 14 thru_hole circle (at -3.43 2.54 270) (size 1.6 1.6) (drill 1)
      (layers *.Cu *.Mask F.SilkS)
      (net 36 /RGB2_VS)
    )
    (pad 15 thru_hole circle (at -5.72 2.54 270) (size 1.6 1.6) (drill 1)
      (layers *.Cu *.Mask F.SilkS)
    )
    (pad "" thru_hole circle (at 11.62 0 270) (size 3.2 3.2) (drill 3.2)
      (layers *.Cu *.Mask F.SilkS)
    )
    (pad "" thru_hole circle (at -13.38 0 270) (size 3.2 3.2) (drill 3.2)
      (layers *.Cu *.Mask F.SilkS)
    )
  )

  (module SOT23-5 (layer B.Cu) (tedit 4ECF78EF) (tstamp 5404DF6C)
    (at 32.766 47.498 90)
    (path /53FA4F4A)
    (attr smd)
    (fp_text reference U7 (at 2.19964 0.29972 360) (layer B.SilkS)
      (effects (font (size 0.635 0.635) (thickness 0.127)) (justify mirror))
    )
    (fp_text value TLV71209DBV (at 0 0 90) (layer B.SilkS)
      (effects (font (size 0.635 0.635) (thickness 0.127)) (justify mirror))
    )
    (fp_line (start 1.524 0.889) (end 1.524 -0.889) (layer B.SilkS) (width 0.127))
    (fp_line (start 1.524 -0.889) (end -1.524 -0.889) (layer B.SilkS) (width 0.127))
    (fp_line (start -1.524 -0.889) (end -1.524 0.889) (layer B.SilkS) (width 0.127))
    (fp_line (start -1.524 0.889) (end 1.524 0.889) (layer B.SilkS) (width 0.127))
    (pad 1 smd rect (at -0.9525 -1.27 90) (size 0.508 0.762)
      (layers B.Cu B.Paste B.Mask)
      (net 68 N-0000088)
    )
    (pad 3 smd rect (at 0.9525 -1.27 90) (size 0.508 0.762)
      (layers B.Cu B.Paste B.Mask)
      (net 68 N-0000088)
    )
    (pad 5 smd rect (at -0.9525 1.27 90) (size 0.508 0.762)
      (layers B.Cu B.Paste B.Mask)
      (net 25 /PLL_VDD)
    )
    (pad 2 smd rect (at 0 -1.27 90) (size 0.508 0.762)
      (layers B.Cu B.Paste B.Mask)
      (net 52 GND)
    )
    (pad 4 smd rect (at 0.9525 1.27 90) (size 0.508 0.762)
      (layers B.Cu B.Paste B.Mask)
    )
    (model smd/SOT23_5.wrl
      (at (xyz 0 0 0))
      (scale (xyz 0.1 0.1 0.1))
      (rotate (xyz 0 0 0))
    )
  )

  (module SOT23-5 (layer B.Cu) (tedit 4ECF78EF) (tstamp 5404DF79)
    (at 23.622 67.564 180)
    (path /53FA4F50)
    (attr smd)
    (fp_text reference U6 (at 2.19964 0.29972 450) (layer B.SilkS)
      (effects (font (size 0.635 0.635) (thickness 0.127)) (justify mirror))
    )
    (fp_text value TLV71209DBV (at 0 0 180) (layer B.SilkS)
      (effects (font (size 0.635 0.635) (thickness 0.127)) (justify mirror))
    )
    (fp_line (start 1.524 0.889) (end 1.524 -0.889) (layer B.SilkS) (width 0.127))
    (fp_line (start 1.524 -0.889) (end -1.524 -0.889) (layer B.SilkS) (width 0.127))
    (fp_line (start -1.524 -0.889) (end -1.524 0.889) (layer B.SilkS) (width 0.127))
    (fp_line (start -1.524 0.889) (end 1.524 0.889) (layer B.SilkS) (width 0.127))
    (pad 1 smd rect (at -0.9525 -1.27 180) (size 0.508 0.762)
      (layers B.Cu B.Paste B.Mask)
      (net 68 N-0000088)
    )
    (pad 3 smd rect (at 0.9525 -1.27 180) (size 0.508 0.762)
      (layers B.Cu B.Paste B.Mask)
      (net 68 N-0000088)
    )
    (pad 5 smd rect (at -0.9525 1.27 180) (size 0.508 0.762)
      (layers B.Cu B.Paste B.Mask)
      (net 2 /AVDD)
    )
    (pad 2 smd rect (at 0 -1.27 180) (size 0.508 0.762)
      (layers B.Cu B.Paste B.Mask)
      (net 52 GND)
    )
    (pad 4 smd rect (at 0.9525 1.27 180) (size 0.508 0.762)
      (layers B.Cu B.Paste B.Mask)
    )
    (model smd/SOT23_5.wrl
      (at (xyz 0 0 0))
      (scale (xyz 0.1 0.1 0.1))
      (rotate (xyz 0 0 0))
    )
  )

  (module SMA_CONN (layer F.Cu) (tedit 5404DBE5) (tstamp 5404DF86)
    (at 69.596 60.198)
    (tags "SMA Connector")
    (path /53FD6A1F)
    (fp_text reference P3 (at 0 5.08) (layer F.SilkS)
      (effects (font (size 1.524 1.524) (thickness 0.3048)))
    )
    (fp_text value SMA_PCLK (at 1.27 7.62) (layer F.SilkS)
      (effects (font (size 1.524 1.524) (thickness 0.3048)))
    )
    (fp_line (start -3.1496 -3.1496) (end 3.1496 -3.1496) (layer F.SilkS) (width 0.381))
    (fp_line (start 3.1496 -3.1496) (end 3.1496 3.1496) (layer F.SilkS) (width 0.381))
    (fp_line (start 3.1496 3.1496) (end -3.1496 3.1496) (layer F.SilkS) (width 0.381))
    (fp_line (start -3.1496 3.1496) (end -3.1496 -3.1496) (layer F.SilkS) (width 0.381))
    (pad 1 thru_hole circle (at 0 0) (size 2.7 2.7) (drill 1.7)
      (layers *.Cu *.Mask F.SilkS)
      (net 24 /PCLK)
    )
    (pad 2 thru_hole circle (at 2.54 -2.54) (size 2.7 2.7) (drill 1.7)
      (layers *.Cu *.Mask F.SilkS)
      (net 52 GND)
    )
    (pad 2 thru_hole circle (at -2.54 -2.54) (size 2.7 2.7) (drill 1.7)
      (layers *.Cu *.Mask F.SilkS)
      (net 52 GND)
    )
    (pad 2 thru_hole circle (at -2.54 2.54) (size 2.7 2.7) (drill 1.7)
      (layers *.Cu *.Mask F.SilkS)
      (net 52 GND)
    )
    (pad 2 thru_hole circle (at 2.54 2.54) (size 2.7 2.7) (drill 1.7)
      (layers *.Cu *.Mask F.SilkS)
      (net 52 GND)
    )
    (model connectors/sma.wrl
      (at (xyz 0 0 0))
      (scale (xyz 0.39 0.39 0.39))
      (rotate (xyz -90 0 -90))
    )
  )

  (module SM1206POL (layer B.Cu) (tedit 42806E4C) (tstamp 5404DF95)
    (at 60.706 52.832)
    (path /53FD1B9C)
    (attr smd)
    (fp_text reference C29 (at 0 0) (layer B.SilkS)
      (effects (font (size 0.762 0.762) (thickness 0.127)) (justify mirror))
    )
    (fp_text value 2.2u (at 0 0) (layer B.SilkS) hide
      (effects (font (size 0.762 0.762) (thickness 0.127)) (justify mirror))
    )
    (fp_line (start -2.54 1.143) (end -2.794 1.143) (layer B.SilkS) (width 0.127))
    (fp_line (start -2.794 1.143) (end -2.794 -1.143) (layer B.SilkS) (width 0.127))
    (fp_line (start -2.794 -1.143) (end -2.54 -1.143) (layer B.SilkS) (width 0.127))
    (fp_line (start -2.54 1.143) (end -2.54 -1.143) (layer B.SilkS) (width 0.127))
    (fp_line (start -2.54 -1.143) (end -0.889 -1.143) (layer B.SilkS) (width 0.127))
    (fp_line (start 0.889 1.143) (end 2.54 1.143) (layer B.SilkS) (width 0.127))
    (fp_line (start 2.54 1.143) (end 2.54 -1.143) (layer B.SilkS) (width 0.127))
    (fp_line (start 2.54 -1.143) (end 0.889 -1.143) (layer B.SilkS) (width 0.127))
    (fp_line (start -0.889 1.143) (end -2.54 1.143) (layer B.SilkS) (width 0.127))
    (pad 1 smd rect (at -1.651 0) (size 1.524 2.032)
      (layers B.Cu B.Paste B.Mask)
      (net 1 /A33VDD)
    )
    (pad 2 smd rect (at 1.651 0) (size 1.524 2.032)
      (layers B.Cu B.Paste B.Mask)
      (net 52 GND)
    )
    (model smd/chip_cms_pol.wrl
      (at (xyz 0 0 0))
      (scale (xyz 0.17 0.16 0.16))
      (rotate (xyz 0 0 0))
    )
  )

  (module SM1206POL (layer B.Cu) (tedit 42806E4C) (tstamp 5404DFA4)
    (at 58.166 47.752 90)
    (path /53FD1B8F)
    (attr smd)
    (fp_text reference C30 (at 0 0 90) (layer B.SilkS)
      (effects (font (size 0.762 0.762) (thickness 0.127)) (justify mirror))
    )
    (fp_text value 2.2u (at 0 0 90) (layer B.SilkS) hide
      (effects (font (size 0.762 0.762) (thickness 0.127)) (justify mirror))
    )
    (fp_line (start -2.54 1.143) (end -2.794 1.143) (layer B.SilkS) (width 0.127))
    (fp_line (start -2.794 1.143) (end -2.794 -1.143) (layer B.SilkS) (width 0.127))
    (fp_line (start -2.794 -1.143) (end -2.54 -1.143) (layer B.SilkS) (width 0.127))
    (fp_line (start -2.54 1.143) (end -2.54 -1.143) (layer B.SilkS) (width 0.127))
    (fp_line (start -2.54 -1.143) (end -0.889 -1.143) (layer B.SilkS) (width 0.127))
    (fp_line (start 0.889 1.143) (end 2.54 1.143) (layer B.SilkS) (width 0.127))
    (fp_line (start 2.54 1.143) (end 2.54 -1.143) (layer B.SilkS) (width 0.127))
    (fp_line (start 2.54 -1.143) (end 0.889 -1.143) (layer B.SilkS) (width 0.127))
    (fp_line (start -0.889 1.143) (end -2.54 1.143) (layer B.SilkS) (width 0.127))
    (pad 1 smd rect (at -1.651 0 90) (size 1.524 2.032)
      (layers B.Cu B.Paste B.Mask)
      (net 23 /IOVDD)
    )
    (pad 2 smd rect (at 1.651 0 90) (size 1.524 2.032)
      (layers B.Cu B.Paste B.Mask)
      (net 52 GND)
    )
    (model smd/chip_cms_pol.wrl
      (at (xyz 0 0 0))
      (scale (xyz 0.17 0.16 0.16))
      (rotate (xyz 0 0 0))
    )
  )

  (module SM0603_Capa (layer B.Cu) (tedit 5051B1EC) (tstamp 5404DFB0)
    (at 45.72 42.926 180)
    (path /53FD13C6)
    (attr smd)
    (fp_text reference C28 (at 0 0 450) (layer B.SilkS)
      (effects (font (size 0.508 0.4572) (thickness 0.1143)) (justify mirror))
    )
    (fp_text value 0.1u (at -1.651 0 450) (layer B.SilkS)
      (effects (font (size 0.508 0.4572) (thickness 0.1143)) (justify mirror))
    )
    (fp_line (start 0.50038 -0.65024) (end 1.19888 -0.65024) (layer B.SilkS) (width 0.11938))
    (fp_line (start -0.50038 -0.65024) (end -1.19888 -0.65024) (layer B.SilkS) (width 0.11938))
    (fp_line (start 0.50038 0.65024) (end 1.19888 0.65024) (layer B.SilkS) (width 0.11938))
    (fp_line (start -1.19888 0.65024) (end -0.50038 0.65024) (layer B.SilkS) (width 0.11938))
    (fp_line (start 1.19888 0.635) (end 1.19888 -0.635) (layer B.SilkS) (width 0.11938))
    (fp_line (start -1.19888 -0.635) (end -1.19888 0.635) (layer B.SilkS) (width 0.11938))
    (pad 1 smd rect (at -0.762 0 180) (size 0.635 1.143)
      (layers B.Cu B.Paste B.Mask)
      (net 23 /IOVDD)
    )
    (pad 2 smd rect (at 0.762 0 180) (size 0.635 1.143)
      (layers B.Cu B.Paste B.Mask)
      (net 52 GND)
    )
    (model smd\capacitors\C0603.wrl
      (at (xyz 0 0 0.001))
      (scale (xyz 0.5 0.5 0.5))
      (rotate (xyz 0 0 0))
    )
  )

  (module SM0603_Capa (layer F.Cu) (tedit 5051B1EC) (tstamp 5404DFBC)
    (at 41.148 61.468 90)
    (path /53FCFA23)
    (attr smd)
    (fp_text reference C5 (at 0 0 180) (layer F.SilkS)
      (effects (font (size 0.508 0.4572) (thickness 0.1143)))
    )
    (fp_text value 0.1u (at -1.651 0 180) (layer F.SilkS)
      (effects (font (size 0.508 0.4572) (thickness 0.1143)))
    )
    (fp_line (start 0.50038 0.65024) (end 1.19888 0.65024) (layer F.SilkS) (width 0.11938))
    (fp_line (start -0.50038 0.65024) (end -1.19888 0.65024) (layer F.SilkS) (width 0.11938))
    (fp_line (start 0.50038 -0.65024) (end 1.19888 -0.65024) (layer F.SilkS) (width 0.11938))
    (fp_line (start -1.19888 -0.65024) (end -0.50038 -0.65024) (layer F.SilkS) (width 0.11938))
    (fp_line (start 1.19888 -0.635) (end 1.19888 0.635) (layer F.SilkS) (width 0.11938))
    (fp_line (start -1.19888 0.635) (end -1.19888 -0.635) (layer F.SilkS) (width 0.11938))
    (pad 1 smd rect (at -0.762 0 90) (size 0.635 1.143)
      (layers F.Cu F.Paste F.Mask)
      (net 28 /RGB1_G)
    )
    (pad 2 smd rect (at 0.762 0 90) (size 0.635 1.143)
      (layers F.Cu F.Paste F.Mask)
      (net 59 N-0000055)
    )
    (model smd\capacitors\C0603.wrl
      (at (xyz 0 0 0.001))
      (scale (xyz 0.5 0.5 0.5))
      (rotate (xyz 0 0 0))
    )
  )

  (module SM0603_Capa (layer B.Cu) (tedit 5051B1EC) (tstamp 5404DFC8)
    (at 43.688 55.372)
    (path /53FCFB11)
    (attr smd)
    (fp_text reference C8 (at 0 0 270) (layer B.SilkS)
      (effects (font (size 0.508 0.4572) (thickness 0.1143)) (justify mirror))
    )
    (fp_text value 0.1u (at -1.651 0 270) (layer B.SilkS)
      (effects (font (size 0.508 0.4572) (thickness 0.1143)) (justify mirror))
    )
    (fp_line (start 0.50038 -0.65024) (end 1.19888 -0.65024) (layer B.SilkS) (width 0.11938))
    (fp_line (start -0.50038 -0.65024) (end -1.19888 -0.65024) (layer B.SilkS) (width 0.11938))
    (fp_line (start 0.50038 0.65024) (end 1.19888 0.65024) (layer B.SilkS) (width 0.11938))
    (fp_line (start -1.19888 0.65024) (end -0.50038 0.65024) (layer B.SilkS) (width 0.11938))
    (fp_line (start 1.19888 0.635) (end 1.19888 -0.635) (layer B.SilkS) (width 0.11938))
    (fp_line (start -1.19888 -0.635) (end -1.19888 0.635) (layer B.SilkS) (width 0.11938))
    (pad 1 smd rect (at -0.762 0) (size 0.635 1.143)
      (layers B.Cu B.Paste B.Mask)
      (net 2 /AVDD)
    )
    (pad 2 smd rect (at 0.762 0) (size 0.635 1.143)
      (layers B.Cu B.Paste B.Mask)
      (net 52 GND)
    )
    (model smd\capacitors\C0603.wrl
      (at (xyz 0 0 0.001))
      (scale (xyz 0.5 0.5 0.5))
      (rotate (xyz 0 0 0))
    )
  )

  (module SM0603_Capa (layer F.Cu) (tedit 5051B1EC) (tstamp 5404DFD4)
    (at 35.814 57.404)
    (path /53FD0575)
    (attr smd)
    (fp_text reference C12 (at 0 0 90) (layer F.SilkS)
      (effects (font (size 0.508 0.4572) (thickness 0.1143)))
    )
    (fp_text value 0.1u (at -1.651 0 90) (layer F.SilkS)
      (effects (font (size 0.508 0.4572) (thickness 0.1143)))
    )
    (fp_line (start 0.50038 0.65024) (end 1.19888 0.65024) (layer F.SilkS) (width 0.11938))
    (fp_line (start -0.50038 0.65024) (end -1.19888 0.65024) (layer F.SilkS) (width 0.11938))
    (fp_line (start 0.50038 -0.65024) (end 1.19888 -0.65024) (layer F.SilkS) (width 0.11938))
    (fp_line (start -1.19888 -0.65024) (end -0.50038 -0.65024) (layer F.SilkS) (width 0.11938))
    (fp_line (start 1.19888 -0.635) (end 1.19888 0.635) (layer F.SilkS) (width 0.11938))
    (fp_line (start -1.19888 0.635) (end -1.19888 -0.635) (layer F.SilkS) (width 0.11938))
    (pad 1 smd rect (at -0.762 0) (size 0.635 1.143)
      (layers F.Cu F.Paste F.Mask)
      (net 32 /RGB2_G)
    )
    (pad 2 smd rect (at 0.762 0) (size 0.635 1.143)
      (layers F.Cu F.Paste F.Mask)
      (net 67 N-0000073)
    )
    (model smd\capacitors\C0603.wrl
      (at (xyz 0 0 0.001))
      (scale (xyz 0.5 0.5 0.5))
      (rotate (xyz 0 0 0))
    )
  )

  (module SM0603_Capa (layer F.Cu) (tedit 5051B1EC) (tstamp 5404DFE0)
    (at 29.21 55.626)
    (path /53FD059D)
    (attr smd)
    (fp_text reference C13 (at 0 0 90) (layer F.SilkS)
      (effects (font (size 0.508 0.4572) (thickness 0.1143)))
    )
    (fp_text value 1n (at -1.651 0 90) (layer F.SilkS)
      (effects (font (size 0.508 0.4572) (thickness 0.1143)))
    )
    (fp_line (start 0.50038 0.65024) (end 1.19888 0.65024) (layer F.SilkS) (width 0.11938))
    (fp_line (start -0.50038 0.65024) (end -1.19888 0.65024) (layer F.SilkS) (width 0.11938))
    (fp_line (start 0.50038 -0.65024) (end 1.19888 -0.65024) (layer F.SilkS) (width 0.11938))
    (fp_line (start -1.19888 -0.65024) (end -0.50038 -0.65024) (layer F.SilkS) (width 0.11938))
    (fp_line (start 1.19888 -0.635) (end 1.19888 0.635) (layer F.SilkS) (width 0.11938))
    (fp_line (start -1.19888 0.635) (end -1.19888 -0.635) (layer F.SilkS) (width 0.11938))
    (pad 1 smd rect (at -0.762 0) (size 0.635 1.143)
      (layers F.Cu F.Paste F.Mask)
      (net 52 GND)
    )
    (pad 2 smd rect (at 0.762 0) (size 0.635 1.143)
      (layers F.Cu F.Paste F.Mask)
      (net 70 N-0000090)
    )
    (model smd\capacitors\C0603.wrl
      (at (xyz 0 0 0.001))
      (scale (xyz 0.5 0.5 0.5))
      (rotate (xyz 0 0 0))
    )
  )

  (module SM0603_Capa (layer B.Cu) (tedit 5051B1EC) (tstamp 5404DFEC)
    (at 34.036 55.626)
    (path /53FD0686)
    (attr smd)
    (fp_text reference C15 (at 0 0 270) (layer B.SilkS)
      (effects (font (size 0.508 0.4572) (thickness 0.1143)) (justify mirror))
    )
    (fp_text value 0.1u (at -1.651 0 270) (layer B.SilkS)
      (effects (font (size 0.508 0.4572) (thickness 0.1143)) (justify mirror))
    )
    (fp_line (start 0.50038 -0.65024) (end 1.19888 -0.65024) (layer B.SilkS) (width 0.11938))
    (fp_line (start -0.50038 -0.65024) (end -1.19888 -0.65024) (layer B.SilkS) (width 0.11938))
    (fp_line (start 0.50038 0.65024) (end 1.19888 0.65024) (layer B.SilkS) (width 0.11938))
    (fp_line (start -1.19888 0.65024) (end -0.50038 0.65024) (layer B.SilkS) (width 0.11938))
    (fp_line (start 1.19888 0.635) (end 1.19888 -0.635) (layer B.SilkS) (width 0.11938))
    (fp_line (start -1.19888 -0.635) (end -1.19888 0.635) (layer B.SilkS) (width 0.11938))
    (pad 1 smd rect (at -0.762 0) (size 0.635 1.143)
      (layers B.Cu B.Paste B.Mask)
      (net 39 /RGB3_G)
    )
    (pad 2 smd rect (at 0.762 0) (size 0.635 1.143)
      (layers B.Cu B.Paste B.Mask)
      (net 66 N-0000072)
    )
    (model smd\capacitors\C0603.wrl
      (at (xyz 0 0 0.001))
      (scale (xyz 0.5 0.5 0.5))
      (rotate (xyz 0 0 0))
    )
  )

  (module SM0603_Capa (layer B.Cu) (tedit 5051B1EC) (tstamp 5404DFF8)
    (at 34.036 54.102)
    (path /53FD077E)
    (attr smd)
    (fp_text reference C16 (at 0 0 270) (layer B.SilkS)
      (effects (font (size 0.508 0.4572) (thickness 0.1143)) (justify mirror))
    )
    (fp_text value 1n (at -1.651 0 270) (layer B.SilkS)
      (effects (font (size 0.508 0.4572) (thickness 0.1143)) (justify mirror))
    )
    (fp_line (start 0.50038 -0.65024) (end 1.19888 -0.65024) (layer B.SilkS) (width 0.11938))
    (fp_line (start -0.50038 -0.65024) (end -1.19888 -0.65024) (layer B.SilkS) (width 0.11938))
    (fp_line (start 0.50038 0.65024) (end 1.19888 0.65024) (layer B.SilkS) (width 0.11938))
    (fp_line (start -1.19888 0.65024) (end -0.50038 0.65024) (layer B.SilkS) (width 0.11938))
    (fp_line (start 1.19888 0.635) (end 1.19888 -0.635) (layer B.SilkS) (width 0.11938))
    (fp_line (start -1.19888 -0.635) (end -1.19888 0.635) (layer B.SilkS) (width 0.11938))
    (pad 1 smd rect (at -0.762 0) (size 0.635 1.143)
      (layers B.Cu B.Paste B.Mask)
      (net 39 /RGB3_G)
    )
    (pad 2 smd rect (at 0.762 0) (size 0.635 1.143)
      (layers B.Cu B.Paste B.Mask)
      (net 69 N-0000089)
    )
    (model smd\capacitors\C0603.wrl
      (at (xyz 0 0 0.001))
      (scale (xyz 0.5 0.5 0.5))
      (rotate (xyz 0 0 0))
    )
  )

  (module SM0603_Capa (layer F.Cu) (tedit 5051B1EC) (tstamp 5404E004)
    (at 29.21 53.594)
    (path /53FD09D4)
    (attr smd)
    (fp_text reference C17 (at 0 0 90) (layer F.SilkS)
      (effects (font (size 0.508 0.4572) (thickness 0.1143)))
    )
    (fp_text value 10n (at -1.651 0 90) (layer F.SilkS)
      (effects (font (size 0.508 0.4572) (thickness 0.1143)))
    )
    (fp_line (start 0.50038 0.65024) (end 1.19888 0.65024) (layer F.SilkS) (width 0.11938))
    (fp_line (start -0.50038 0.65024) (end -1.19888 0.65024) (layer F.SilkS) (width 0.11938))
    (fp_line (start 0.50038 -0.65024) (end 1.19888 -0.65024) (layer F.SilkS) (width 0.11938))
    (fp_line (start -1.19888 -0.65024) (end -0.50038 -0.65024) (layer F.SilkS) (width 0.11938))
    (fp_line (start 1.19888 -0.635) (end 1.19888 0.635) (layer F.SilkS) (width 0.11938))
    (fp_line (start -1.19888 0.635) (end -1.19888 -0.635) (layer F.SilkS) (width 0.11938))
    (pad 1 smd rect (at -0.762 0) (size 0.635 1.143)
      (layers F.Cu F.Paste F.Mask)
      (net 52 GND)
    )
    (pad 2 smd rect (at 0.762 0) (size 0.635 1.143)
      (layers F.Cu F.Paste F.Mask)
      (net 65 N-0000071)
    )
    (model smd\capacitors\C0603.wrl
      (at (xyz 0 0 0.001))
      (scale (xyz 0.5 0.5 0.5))
      (rotate (xyz 0 0 0))
    )
  )

  (module SM0603_Capa (layer B.Cu) (tedit 5051B1EC) (tstamp 5404E010)
    (at 50.292 55.372)
    (path /53FD0DD7)
    (attr smd)
    (fp_text reference C9 (at 0 0 270) (layer B.SilkS)
      (effects (font (size 0.508 0.4572) (thickness 0.1143)) (justify mirror))
    )
    (fp_text value 0.1u (at -1.651 0 270) (layer B.SilkS)
      (effects (font (size 0.508 0.4572) (thickness 0.1143)) (justify mirror))
    )
    (fp_line (start 0.50038 -0.65024) (end 1.19888 -0.65024) (layer B.SilkS) (width 0.11938))
    (fp_line (start -0.50038 -0.65024) (end -1.19888 -0.65024) (layer B.SilkS) (width 0.11938))
    (fp_line (start 0.50038 0.65024) (end 1.19888 0.65024) (layer B.SilkS) (width 0.11938))
    (fp_line (start -1.19888 0.65024) (end -0.50038 0.65024) (layer B.SilkS) (width 0.11938))
    (fp_line (start 1.19888 0.635) (end 1.19888 -0.635) (layer B.SilkS) (width 0.11938))
    (fp_line (start -1.19888 -0.635) (end -1.19888 0.635) (layer B.SilkS) (width 0.11938))
    (pad 1 smd rect (at -0.762 0) (size 0.635 1.143)
      (layers B.Cu B.Paste B.Mask)
      (net 2 /AVDD)
    )
    (pad 2 smd rect (at 0.762 0) (size 0.635 1.143)
      (layers B.Cu B.Paste B.Mask)
      (net 52 GND)
    )
    (model smd\capacitors\C0603.wrl
      (at (xyz 0 0 0.001))
      (scale (xyz 0.5 0.5 0.5))
      (rotate (xyz 0 0 0))
    )
  )

  (module SM0603_Capa (layer B.Cu) (tedit 5051B1EC) (tstamp 5404E01C)
    (at 39.116 52.324 270)
    (path /53FD114E)
    (attr smd)
    (fp_text reference C18 (at 0 0 540) (layer B.SilkS)
      (effects (font (size 0.508 0.4572) (thickness 0.1143)) (justify mirror))
    )
    (fp_text value 0.1u (at -1.651 0 540) (layer B.SilkS)
      (effects (font (size 0.508 0.4572) (thickness 0.1143)) (justify mirror))
    )
    (fp_line (start 0.50038 -0.65024) (end 1.19888 -0.65024) (layer B.SilkS) (width 0.11938))
    (fp_line (start -0.50038 -0.65024) (end -1.19888 -0.65024) (layer B.SilkS) (width 0.11938))
    (fp_line (start 0.50038 0.65024) (end 1.19888 0.65024) (layer B.SilkS) (width 0.11938))
    (fp_line (start -1.19888 0.65024) (end -0.50038 0.65024) (layer B.SilkS) (width 0.11938))
    (fp_line (start 1.19888 0.635) (end 1.19888 -0.635) (layer B.SilkS) (width 0.11938))
    (fp_line (start -1.19888 -0.635) (end -1.19888 0.635) (layer B.SilkS) (width 0.11938))
    (pad 1 smd rect (at -0.762 0 270) (size 0.635 1.143)
      (layers B.Cu B.Paste B.Mask)
      (net 52 GND)
    )
    (pad 2 smd rect (at 0.762 0 270) (size 0.635 1.143)
      (layers B.Cu B.Paste B.Mask)
      (net 1 /A33VDD)
    )
    (model smd\capacitors\C0603.wrl
      (at (xyz 0 0 0.001))
      (scale (xyz 0.5 0.5 0.5))
      (rotate (xyz 0 0 0))
    )
  )

  (module SM0603_Capa (layer F.Cu) (tedit 5051B1EC) (tstamp 5404E028)
    (at 35.814 47.498 90)
    (path /53FD13A2)
    (attr smd)
    (fp_text reference C23 (at 0 0 180) (layer F.SilkS)
      (effects (font (size 0.508 0.4572) (thickness 0.1143)))
    )
    (fp_text value 0.1u (at -1.651 0 180) (layer F.SilkS)
      (effects (font (size 0.508 0.4572) (thickness 0.1143)))
    )
    (fp_line (start 0.50038 0.65024) (end 1.19888 0.65024) (layer F.SilkS) (width 0.11938))
    (fp_line (start -0.50038 0.65024) (end -1.19888 0.65024) (layer F.SilkS) (width 0.11938))
    (fp_line (start 0.50038 -0.65024) (end 1.19888 -0.65024) (layer F.SilkS) (width 0.11938))
    (fp_line (start -1.19888 -0.65024) (end -0.50038 -0.65024) (layer F.SilkS) (width 0.11938))
    (fp_line (start 1.19888 -0.635) (end 1.19888 0.635) (layer F.SilkS) (width 0.11938))
    (fp_line (start -1.19888 0.635) (end -1.19888 -0.635) (layer F.SilkS) (width 0.11938))
    (pad 1 smd rect (at -0.762 0 90) (size 0.635 1.143)
      (layers F.Cu F.Paste F.Mask)
      (net 25 /PLL_VDD)
    )
    (pad 2 smd rect (at 0.762 0 90) (size 0.635 1.143)
      (layers F.Cu F.Paste F.Mask)
      (net 52 GND)
    )
    (model smd\capacitors\C0603.wrl
      (at (xyz 0 0 0.001))
      (scale (xyz 0.5 0.5 0.5))
      (rotate (xyz 0 0 0))
    )
  )

  (module SM0603_Capa (layer B.Cu) (tedit 5051B1EC) (tstamp 5411CC4E)
    (at 44.196 41.402)
    (path /53FD13C0)
    (attr smd)
    (fp_text reference C27 (at 0 0 270) (layer B.SilkS)
